ROOT 1654
UHF 2,5,9,4
LHF -6,6,-4,-8
PHF 7,-4,-2,4
ROOT 5301
UHF -6,9,1,-8
LHF 5,-6,-7,4
PHF -1,-5,-1,-2
ROOT 1867
UHF -1,-4,3,-4
LHF -9,9,3,-2
PHF -4,5,-1,7
ROOT 8727
UHF -5,-7,-7,-2
LHF -9,4,-3,7
PHF 2,4,4,8
ROOT 6588
UHF -7,-9,0,9
LHF -1,4,1,8
PHF 9,6,4,-3
ROOT 0073
UHF 8,4,-8,-4
LHF -3,3,7,-4
PHF 3,9,3,4
ROOT 7738
UHF -4,-1,8,7
LHF -3,-1,-1,-9
PHF 7,5,8,2
ROOT 5617
UHF 5,-5,6,-6
LHF -9,-2,0,-6
PHF -7,1,-4,4
ROOT 9085
UHF 3,1,7,-1
LHF -9,-1,-3,-2
PHF 6,-4,9,9
ROOT 4191
UHF 3,9,2,-8
LHF -6,-5,-5,1
PHF -9,3,4,9
