NL 10
ROOT: 1 6 7 3
LN0: 5 6 3 0
LN1: 5 7 4 3
LN2: 5 8 5 6
LN3: 5 9 6 9
LN4: 5 0 7 2
ROOT: 8 5 3 9
LN0: 1 2 5 3
LN1: 0 3 6 2
LN2: 9 4 7 1
LN3: 8 5 8 0
LN4: 7 6 9 9
ROOT: 0 2 3 4
LN0: 9 3 2 6
LN1: 0 3 2 2
LN2: 1 3 2 8
LN3: 2 3 2 4
LN4: 3 3 2 0
ROOT: 4 1 3 9
LN0: 6 3 6 5
LN1: 2 9 7 6
LN2: 8 5 8 7
LN3: 4 1 9 8
LN4: 0 7 0 9
ROOT: 0 1 1 6
LN0: 7 2 7 5
LN1: 6 5 3 3
LN2: 5 8 9 1
LN3: 4 1 5 9
LN4: 3 4 1 7
ROOT: 9 8 4 6
LN0: 6 8 6 2
LN1: 0 7 5 0
LN2: 4 6 4 8
LN3: 8 5 3 6
LN4: 2 4 2 4
ROOT: 6 3 6 0
LN0: 5 7 3 4
LN1: 3 6 6 8
LN2: 1 5 9 2
LN3: 9 4 2 6
LN4: 7 3 5 0
ROOT: 3 9 1 4
LN0: 3 5 8 1
LN1: 6 2 1 3
LN2: 9 9 4 5
LN3: 2 6 7 7
LN4: 5 3 0 9
ROOT: 9 3 5 6
LN0: 5 7 0 4
LN1: 7 2 6 5
LN2: 9 7 2 6
LN3: 1 2 8 7
LN4: 3 7 4 8
ROOT: 5 1 3 1
LN0: 3 1 8 8
LN1: 9 7 9 6
LN2: 5 3 0 4
LN3: 1 9 1 2
LN4: 7 5 2 0
